bacon	0.296571	0.679119	0.654061	0.912844	0.623807	0.648764	0.137363	0.029119	0.015504	0.062601	0.641239	0.716769	0.487837	0.308751	0.148496	0.014086	
bagel	0.294559	0.562094	0.633640	0.886278	0.650092	0.561301	0.208617	0.234761	0.049883	0.016795	0.518351	0.811275	0.528009	0.385130	0.077717	0.011942	
banel	0.433478	0.696933	0.692180	0.575856	0.439453	0.899617	0.678323	0.355078	0.158576	0.440505	0.735245	0.818001	0.541304	0.442179	0.399292	0.025890	
banic	0.310589	0.598114	0.659623	0.499222	0.495335	0.974619	0.717401	0.193477	0.061496	0.275164	0.806595	0.721089	0.349668	0.467902	0.375890	0.013435	
baron	0.278518	0.606174	0.331545	0.685306	0.199569	0.583730	0.785836	0.319984	0.170117	0.612108	0.666829	0.430677	0.419611	0.313882	0.212093	0.010565	
basin	0.609154	0.900444	0.847500	0.663079	0.814796	0.495149	0.081116	0.015713	0.007620	0.060348	0.534485	0.590422	0.362493	0.202675	0.261249	0.508255	
belet	0.335553	0.780903	0.251576	0.882496	0.264908	0.699016	0.710550	0.410935	0.296494	0.644605	0.321500	0.521944	0.319045	0.354423	0.501511	0.167038	
berin	0.248983	0.624163	0.581845	0.715666	0.344483	0.795448	0.709500	0.147637	0.094977	0.603849	0.702700	0.450436	0.458298	0.317175	0.220605	0.014678	
beris	0.133618	0.582877	0.206801	0.690912	0.467747	0.883276	0.709258	0.097913	0.068926	0.623606	0.787445	0.554719	0.513031	0.430730	0.124821	0.612616	
bison	0.448475	0.497386	0.696273	0.501561	0.445763	0.728853	0.810831	0.424732	0.398223	0.475362	0.449863	0.518725	0.432625	0.277457	0.425499	0.444583	
bonus	0.413533	0.464787	0.730974	0.575146	0.636985	0.941407	0.754052	0.462306	0.628231	0.058437	0.026433	0.224605	0.409141	0.191419	0.196766	0.423177	
boreb	0.267129	0.755424	0.328796	0.959068	0.474243	0.839438	0.499043	0.508649	0.421260	0.245377	0.171552	0.065703	0.133297	0.092849	0.000000	0.000000	
boril	0.132126	0.559773	0.576105	0.816163	0.536964	0.983909	0.648535	0.474873	0.400093	0.192036	0.131012	0.091695	0.000000	0.067133	0.023116	0.000534	
cabin	0.351953	0.388381	0.546852	0.535881	0.378130	0.597384	0.843041	0.837568	0.574658	0.798809	0.682059	0.464938	0.712206	0.524204	0.221608	0.037732	
camel	0.748609	0.783162	0.700132	0.521728	0.486439	0.600428	0.659623	0.856248	0.473467	0.836023	0.655655	0.750534	0.743063	0.444868	0.347664	0.061769	
caris	0.097195	0.734795	0.548157	0.834109	0.361854	0.846251	0.644390	0.269708	0.086799	0.640779	0.838419	0.662261	0.534880	0.518458	0.274527	0.397728	
casef	0.446810	0.463797	0.555273	0.224585	0.190510	0.496574	0.745206	0.749010	0.487467	0.741115	0.748243	0.691254	0.812858	0.502632	0.437590	0.739719	
cazel	0.458219	0.591047	0.526256	0.509936	0.409448	0.725355	0.791502	0.984124	0.579093	0.716576	0.703245	0.552630	0.532598	0.369729	0.172793	0.241042	
civic	0.029502	0.594106	0.639221	0.842617	0.912053	0.778720	0.263455	0.095047	0.025741	0.271648	0.613100	0.645619	0.228039	0.440251	0.552191	0.844064	
civil	0.001320	0.479820	0.458355	0.824535	0.917310	0.520511	0.275256	0.341016	0.035121	0.400338	0.196947	0.377444	0.223970	0.202428	0.294869	0.781546	
cobin	0.680463	0.492646	0.519771	0.591864	0.468068	0.743286	0.917812	0.888311	0.719103	0.349553	0.476312	0.496972	0.565025	0.517653	0.219718	0.019191	
colon	0.294997	0.715804	0.699369	0.905905	0.652401	0.969507	0.623227	0.626860	0.181429	0.038067	0.014392	0.151483	0.255696	0.232941	0.024293	0.006044	
comet	0.609073	0.635234	0.641575	0.645390	0.436535	0.548150	0.631920	0.974901	0.870606	0.449334	0.388807	0.440344	0.672425	0.480332	0.899938	0.189280	
comic	0.568187	0.761330	0.630813	0.674530	0.358872	0.509619	0.734042	0.825091	1.000000	0.450255	0.453915	0.447778	0.711981	0.320018	0.304284	0.069310	
coral	0.009371	0.589734	0.442268	0.813278	0.478778	0.969903	0.703443	0.645580	0.401207	0.086572	0.100644	0.000000	0.049689	0.061979	0.019261	0.001063	
davel	0.215193	0.517828	0.785392	0.741926	0.853695	0.662389	0.094972	0.258123	0.012139	0.005394	0.527137	0.686353	0.427739	0.309574	0.102459	0.077714	
delin	0.039063	0.561553	0.496185	0.753846	0.322110	0.725741	0.691209	0.296922	0.223624	0.461515	0.357815	0.335887	0.321431	0.431606	0.551851	0.215002	
demon	0.071986	0.455924	0.790620	0.841030	0.754397	0.000000	0.000000	0.000000	0.044447	0.010259	0.251563	0.937454	0.530568	0.357262	0.513112	0.165408	
denim	0.281488	0.491190	0.724792	0.591023	0.697250	0.929281	0.658805	0.367805	0.181343	0.610877	0.556937	0.598549	0.467226	0.336742	0.352049	0.008963	
devim	0.010444	0.652279	0.508129	0.710522	0.448233	0.770669	0.893528	0.287654	0.193663	0.629405	0.476633	0.449127	0.274304	0.340963	0.512530	0.458266	
facet	0.285062	0.192272	0.445475	0.187182	0.333683	0.568961	0.895384	0.776441	0.467781	0.764786	0.522377	0.295451	0.589970	0.405693	0.166715	0.266285	
fatal	0.076633	0.341658	0.708369	0.617261	0.950170	0.545001	0.160997	0.073827	0.021311	0.112638	0.675412	0.834375	0.470861	0.506315	0.265658	0.157288	
fenid	0.065830	0.499573	0.507243	0.508849	0.624524	0.788418	0.598528	0.269163	0.106795	0.617654	0.565581	0.567526	0.374453	0.405418	0.277758	0.032326	
feral	0.001602	0.458390	0.391980	0.558207	0.482602	0.985018	0.698430	0.200752	0.186386	0.626397	0.713808	0.555663	0.567333	0.378128	0.243253	0.023800	
fetal	0.141694	0.480947	0.649064	0.982842	0.745792	0.467394	0.105887	0.060777	0.054417	0.137960	0.393157	0.965953	0.616542	0.548669	0.317201	0.290138	
focal	0.014569	0.000000	0.525811	0.552038	0.923948	0.678430	0.338359	0.693009	0.341365	0.084710	0.161556	0.222428	0.368129	0.372975	0.228570	0.238936	
folip	0.275742	0.488434	0.432311	0.677441	0.419557	0.635829	0.862112	0.800200	0.577233	0.059056	0.159141	0.305843	0.243172	0.482904	0.106634	0.018595	
forum	0.008945	0.594484	0.565083	0.779250	0.801989	0.946194	0.557081	0.616685	0.388889	0.200650	0.142047	0.063620	0.229146	0.114563	0.071904	0.069664	
galed	0.001609	0.581956	0.453049	0.831661	0.385621	0.456074	0.696211	0.541808	0.378345	0.620332	0.668411	0.484135	0.407723	0.318114	0.312416	0.017161	
galef	0.042836	0.497276	0.415725	0.783527	0.276057	0.557449	0.691471	0.581868	0.556911	0.648584	0.580199	0.477954	0.435327	0.415453	0.455005	0.017060	
galel	0.052387	0.332571	0.258623	0.665351	0.316892	0.615272	0.728025	0.528049	0.403062	0.692383	0.722499	0.568669	0.561812	0.267150	0.301822	0.026586	
galem	0.072534	0.629881	0.590229	0.668392	0.260376	0.422209	0.666905	0.594511	0.386148	0.618645	0.643445	0.417395	0.595077	0.549675	0.207757	0.033114	
gapel	0.161052	0.498267	0.434216	0.449343	0.304402	0.491699	0.765737	0.691435	0.446507	0.799063	0.689139	0.449750	0.525077	0.323715	0.427077	0.092223	
givel	0.015095	0.768599	0.751390	0.906276	0.857246	0.714440	0.164319	0.366202	0.027391	0.172080	0.568496	0.495228	0.399354	0.165877	0.091219	0.006395	
gorel	0.004113	0.632237	0.403185	0.852881	0.487761	0.885376	0.405940	0.537932	0.356052	0.085585	0.150741	0.032718	0.037858	0.182276	0.006672	0.003767	
halet	0.007926	0.549249	0.519732	0.857040	0.336949	0.528858	0.726339	0.738938	0.592479	0.748127	0.469284	0.498868	0.332115	0.457258	0.538729	0.155216	
havel	0.012121	0.741634	0.844036	0.832656	0.708879	0.685176	0.182931	0.378464	0.012198	0.024947	0.427958	0.715069	0.394607	0.225385	0.038154	0.007062	
haven	0.114339	0.703806	0.948063	0.863817	0.818999	0.413479	0.046652	0.005593	0.000000	0.080665	0.256658	0.789175	0.266275	0.237698	0.095251	0.002969	
havoc	0.000438	0.208113	0.560193	0.216918	0.384399	0.622504	0.892504	1.000000	0.666923	0.606311	0.642758	0.423271	0.669039	0.370508	0.250252	0.043855	
hazel	0.040857	0.609697	0.917397	0.682974	0.897337	0.332837	0.086315	0.073714	0.059968	0.000000	0.282123	0.701788	0.207254	0.338212	0.652622	0.423651	
helic	0.008003	0.689970	0.483151	0.795944	0.412837	0.759943	0.969812	0.345048	0.335767	0.576028	0.291995	0.536954	0.348968	0.233414	0.407630	0.034099	
herib	0.006530	0.789247	0.476906	0.879126	0.402321	0.741295	0.773417	0.218969	0.136421	0.601069	0.780101	0.565028	0.383801	0.354981	0.267431	0.004444	
humor	0.001849	0.518338	0.841493	0.694840	0.963990	0.405977	0.152460	0.061730	0.130775	0.338494	0.374775	0.583439	0.333290	0.150834	0.108803	0.005721	
janem	0.005011	0.439290	0.667260	0.545675	0.716309	0.894395	0.600224	0.324043	0.144719	0.579314	0.769706	0.715108	0.765685	0.763307	0.449682	0.329861	
janep	0.078792	0.386814	0.629967	0.425331	0.675535	0.816517	0.839437	0.499313	0.175853	0.672651	0.765458	0.628512	0.565572	0.905544	0.330097	0.264598	
japel	0.132632	0.222341	0.206813	0.336209	0.606164	0.657518	0.755887	0.539909	0.395288	0.644819	0.612111	0.573414	0.675519	0.732472	0.355920	0.210296	
jokeb	0.009782	0.339002	0.776370	0.663907	0.896788	0.884747	0.337335	0.195228	0.281932	0.347494	0.397752	0.269795	0.828308	0.665131	0.478469	0.390682	
jokel	0.012080	0.495677	0.627841	0.623109	0.683495	0.920622	0.216277	0.292330	0.204636	0.235033	0.277991	0.259326	1.000000	0.767030	0.407452	0.445697	
jural	0.005810	0.626808	0.464706	1.000000	0.648501	0.611664	0.207333	0.376636	0.388787	0.202255	0.274430	0.144736	0.888899	1.000000	0.458574	0.381049	
kelic	0.460490	0.621177	0.407768	0.751186	0.600224	0.752701	0.593266	0.425939	0.358714	0.687302	0.642150	0.737913	0.570453	0.348201	0.307605	0.086096	
kevil	1.000000	1.000000	0.682298	0.819847	0.525408	0.858200	0.743814	0.580287	0.198069	0.490441	0.548854	0.672223	0.876925	0.514713	0.146719	0.155637	
labin	0.029175	0.635222	0.516030	0.611374	0.352608	0.645318	0.768049	0.598471	0.380076	0.745913	0.393728	0.621590	0.468036	0.540914	0.293318	0.010814	
lakeb	0.058419	0.634627	0.758975	0.795816	0.784669	0.704902	0.131763	0.083756	0.076505	0.248891	0.440500	0.554735	0.320777	0.145824	0.097699	0.021868	
laken	0.043283	0.474959	0.791863	0.718373	0.995804	0.577039	0.057964	0.157821	0.091867	0.266351	0.423329	0.595709	0.300048	0.085355	0.083484	0.019001	
lamin	0.016618	0.697200	0.774947	0.839798	0.490040	0.510707	0.597650	0.303422	0.147653	0.457904	0.484564	0.722117	0.520635	0.486216	0.361834	0.011499	
latin	0.030005	0.470164	0.582972	0.710862	0.359727	0.635781	0.782884	0.748517	0.483565	0.822610	0.333277	0.630831	0.550399	0.491228	0.155268	0.002251	
legal	0.132373	0.778266	0.981352	0.737562	0.773903	0.457422	0.115646	0.134634	0.140701	0.066778	0.089089	0.874003	0.273659	0.078620	0.091581	0.004157	
level	0.066544	0.387302	0.539885	0.603983	0.500669	0.628431	0.877605	0.348597	0.416459	0.471764	0.097835	0.420776	0.373335	0.275684	0.035275	0.027408	
levim	0.018153	0.565279	0.659788	0.820109	0.489313	0.656780	0.841344	0.284971	0.219280	0.580570	0.259578	0.605579	0.286852	0.458394	0.181181	0.014154	
libel	0.109866	0.520604	0.651673	0.558596	0.409631	0.685632	0.789562	0.682560	0.722130	0.505973	0.394494	0.484833	0.506147	0.376586	0.266362	0.010291	
likel	0.021025	0.470473	0.783083	0.575865	0.660073	0.754351	0.776398	0.394468	0.450904	0.522052	0.431006	0.388143	0.455210	0.286398	0.090832	0.005764	
limid	0.026232	0.769685	0.927674	0.791923	0.625593	0.788421	0.190648	0.058177	0.044710	0.206761	0.453535	0.524317	0.439137	0.350541	0.024022	0.015822	
linen	0.038369	0.751623	0.930858	0.797124	0.642220	0.708186	0.315006	0.076150	0.219110	0.217025	0.413982	0.289708	0.264654	0.266985	0.003287	0.004980	
lipit	0.329804	0.697575	0.705967	0.769136	0.641988	0.947440	0.325349	0.104333	0.151713	0.289848	0.304637	0.489823	0.294989	0.355293	0.398000	0.215573	
logic	0.153146	0.356814	0.479712	0.613815	0.459316	0.650103	0.928156	0.748772	0.822425	0.239461	0.197958	0.481234	0.690835	0.548897	0.174020	0.063141	
lomic	0.008840	0.575608	0.618678	0.758628	0.413152	0.370524	0.702036	0.704328	0.663402	0.101581	0.291018	0.373743	0.409363	0.325967	0.146855	0.013893	
lorib	0.056175	0.652222	0.569211	0.801862	0.420837	0.746773	0.765920	0.708016	0.300845	0.285591	0.228929	0.256707	0.202148	0.139120	0.014000	0.000155	
madam	0.132057	0.622832	0.642139	0.737083	0.226768	0.261858	0.599689	0.664728	0.497564	0.872858	0.499431	0.678294	0.501420	0.351144	0.159222	0.005818	
mafil	0.020937	0.430914	0.906847	0.514807	0.804513	0.712973	0.249131	0.178541	0.003411	0.100840	0.711231	0.810852	0.421845	0.411922	0.105078	0.072373	
magic	0.321665	0.228128	0.676676	0.217111	0.520534	0.641497	0.593163	0.916307	0.520687	0.899394	0.607194	0.640477	0.590256	0.715577	0.407533	0.217632	
majil	0.021263	0.596292	0.936257	0.548655	0.850538	0.614694	0.092347	0.091246	0.011792	0.063252	0.520810	0.799980	0.638502	0.806666	0.405142	0.244299	
maled	0.210336	0.772231	0.600435	0.843019	0.277809	0.435928	0.588582	0.693507	0.485977	0.781393	0.439242	0.639080	0.410249	0.568947	0.328053	0.181431	
malim	0.138368	0.732867	0.622281	0.828197	0.269772	0.285236	0.573151	0.776813	0.518619	0.800493	0.418095	0.728171	0.470137	0.515343	0.493818	0.039919	
manic	0.014303	0.697917	0.864905	0.621667	0.535894	0.414233	0.704672	0.415689	0.208326	0.686450	0.663241	0.813922	0.689609	0.466290	0.381763	0.031952	
maron	0.014605	0.652935	0.651949	0.815660	0.376842	0.400410	0.581644	0.214520	0.088436	0.652905	0.861973	0.782754	0.594694	0.446744	0.094792	0.019042	
mason	0.100088	0.554327	0.945225	0.705909	0.705558	0.573245	0.110409	0.010059	0.000991	0.078463	0.431513	0.608679	0.404965	0.230877	0.284751	0.604427	
melon	0.059112	0.732187	0.863161	0.769230	0.598149	0.619721	0.810611	0.447623	0.373164	0.753257	0.324454	0.467778	0.436790	0.359758	0.344915	0.054645	
menon	0.045619	0.914835	0.962965	0.924518	0.538582	0.415588	0.452267	0.112948	0.046137	0.322573	0.644881	0.535346	0.471374	0.428387	0.069193	0.061163	
merit	0.093568	0.662012	0.630316	0.800126	0.316696	0.500752	0.579785	0.382620	0.168304	0.772163	0.823256	0.594600	0.545079	0.460820	0.696360	0.292754	
metal	0.069481	0.632742	0.867089	0.640314	0.629840	0.769369	0.645628	0.486879	0.328124	0.748805	0.358962	0.650121	0.594057	0.369993	0.487030	0.017428	
mimic	0.116483	0.758497	0.931786	0.809802	0.741169	0.735965	0.243332	0.057964	0.009513	0.185782	0.754258	0.515696	0.394861	0.456676	0.098180	0.053885	
minel	0.035223	0.662076	0.903542	0.656846	0.481859	0.308480	0.601744	0.627830	0.782384	0.552366	0.476272	0.561663	0.648158	0.165429	0.269659	0.004885	
minus	0.007167	0.635508	0.902319	0.592583	0.562058	0.504250	0.677265	0.745154	0.693323	0.650830	0.554168	0.667856	0.546290	0.420783	0.220022	0.469797	
modem	0.180250	0.685152	0.903169	0.713544	0.684388	0.870286	0.336125	0.363940	0.512731	0.146668	0.055849	0.142420	0.318876	0.118893	0.003875	0.000766	
mogul	0.015595	0.399455	0.816129	0.601005	0.804993	0.972492	0.170184	0.639752	0.282966	0.009554	0.000000	0.016693	0.299067	0.058467	0.004042	0.001613	
molec	0.124464	0.686504	0.767749	0.823652	0.321998	0.407813	0.661035	0.728838	0.627277	0.189113	0.106047	0.413931	0.562172	0.472953	0.272345	0.007544	
monit	0.027145	0.691798	0.822811	0.658821	0.465729	0.367029	0.657495	0.770966	0.876996	0.541721	0.460270	0.436354	0.614453	0.310062	0.568345	0.263847	
moral	0.004164	0.613002	0.780717	0.761725	0.438044	0.767950	0.770057	0.746249	0.559801	0.175809	0.206081	0.231646	0.234408	0.119022	0.014686	0.000300	
nasal	0.022008	0.710654	0.866312	0.730431	0.611563	0.545533	0.141593	0.109119	0.036540	0.009872	0.603406	0.892892	0.613409	0.479590	0.501632	0.582521	
natal	0.093518	0.535452	0.897045	0.649118	0.766115	0.778538	0.107823	0.091286	0.016127	0.096005	0.594366	0.890870	0.505145	0.497552	0.065310	0.012449	
naval	0.120351	0.641989	1.000000	0.668878	0.775406	0.633088	0.131543	0.166498	0.014883	0.015924	0.573974	0.747739	0.517630	0.296651	0.077832	0.012957	
navin	0.003307	0.669822	0.676414	0.772753	0.342815	0.337826	0.597402	0.584048	0.462144	1.000000	0.546124	0.659683	0.572961	0.427526	0.302214	0.008821	
nomel	0.016047	0.853341	0.661067	0.966513	0.165903	0.316072	0.602324	0.862369	0.659172	0.397760	0.083292	0.470421	0.502960	0.127789	0.413197	0.005316	
norel	0.013530	0.734851	0.878397	0.818359	0.583441	0.811511	0.514911	0.526070	0.500773	0.178878	0.132355	0.088259	0.097040	0.000000	0.021147	0.002567	
nosen	0.033662	0.547214	0.905379	0.687702	0.883210	0.783643	0.286499	0.144728	0.171224	0.362331	0.275892	0.485943	0.234802	0.507868	0.638213	0.760450	
novel	0.027078	0.516773	0.792570	0.616148	0.514564	0.667136	0.723397	0.891150	0.623783	0.411392	0.068546	0.459972	0.662823	0.331406	0.315850	0.002803	
novin	0.019020	0.685484	0.695365	0.798661	0.332466	0.375524	0.751412	0.731108	0.644377	0.429937	0.221463	0.646740	0.673518	0.528866	0.246292	0.004871	
palil	0.214088	0.529938	0.525292	0.589934	0.322910	0.646391	0.839406	0.826889	0.624048	0.646882	0.617491	0.496766	0.513733	0.301097	0.342746	0.007774	
panel	0.289891	0.614819	0.651863	0.522276	0.391174	0.588795	0.846831	0.586837	0.372068	0.837398	0.698455	0.704030	0.747620	0.425594	0.347841	0.012727	
panic	0.610816	0.843815	0.642624	0.470209	0.397890	0.597119	0.643636	0.747173	0.336847	0.800272	0.815557	0.842211	0.824163	0.632978	0.389313	0.023266	
pedal	0.257032	0.429664	0.288913	0.662805	0.451364	0.747580	0.621160	0.508141	0.262759	0.663560	0.487868	0.662195	0.636351	0.434479	0.280939	0.037332	
pelen	0.191417	0.663346	0.458737	0.785519	0.521962	0.881483	1.000000	0.278047	0.370707	0.770281	0.422976	0.594255	0.438948	0.335994	0.191708	0.010787	
penal	0.426774	0.783115	0.740326	0.922553	0.598680	0.340856	0.219985	0.170944	0.154843	0.099308	0.329390	0.648604	0.539532	0.322323	0.136050	0.027658	
peril	0.560830	0.689790	0.587902	0.780931	0.465335	0.916125	0.613761	0.262230	0.375373	0.598904	0.755975	0.554191	0.625321	0.431909	0.175020	0.003119	
petal	0.229715	0.202834	0.322112	0.470150	0.568329	0.736530	0.563415	0.407219	0.252840	0.780240	0.454394	0.618237	0.529330	0.344172	0.267999	0.005666	
pilot	0.154056	0.588060	0.555996	0.757558	0.528038	0.789287	0.748635	0.846311	0.704998	0.561291	0.457844	0.552295	0.573125	0.370960	0.458624	0.059550	
polec	0.220222	0.450456	0.234102	0.582512	0.389662	0.730923	0.873205	0.827471	0.683403	0.087821	0.200883	0.292817	0.524721	0.258538	0.175366	0.004352	
rabid	0.119903	0.568352	0.564277	0.567885	0.355706	0.619935	0.757865	0.632837	0.464536	0.885955	0.577049	0.338410	0.361344	0.567379	0.172071	0.001935	
ranis	0.010654	0.590554	0.570601	0.687304	0.279492	0.517593	0.597742	0.395074	0.465186	0.821961	0.632035	0.612307	0.462774	0.240483	0.214336	0.444586	
rapid	0.162620	0.518837	0.297061	0.806685	0.000000	0.402949	0.730597	0.706476	0.456946	0.817107	0.652794	0.410815	0.298220	0.442172	0.098282	0.000695	
relic	0.053749	0.455069	0.384889	0.749645	0.356076	0.704232	0.810472	0.332209	0.447724	0.641732	0.478207	0.451085	0.279869	0.195794	0.232196	0.006598	
revit	0.010705	0.502590	0.532911	0.601157	0.324099	0.642751	0.897117	0.269746	0.193049	0.754819	0.579248	0.463094	0.334739	0.332299	0.455239	0.287988	
rigid	0.006316	0.519556	0.710097	0.546726	0.992155	0.536290	0.069762	0.141228	0.192820	0.523096	0.598736	0.408007	0.493640	0.827445	0.508407	0.429606	
rival	0.023938	0.455292	0.614061	0.569848	0.290702	0.667497	0.744192	0.694908	0.703752	0.550727	0.481541	0.432183	0.480682	0.396480	0.228540	0.004473	
robin	0.062916	0.573613	0.411669	0.610162	0.159702	0.406131	0.674397	0.597145	0.652484	0.341780	0.463209	0.156970	0.385179	0.349827	0.207921	0.000976	
roman	0.027852	0.439031	0.859488	0.484284	0.734797	0.922983	0.542044	0.307796	0.612777	0.368062	0.292680	0.023648	0.212199	0.092832	0.002327	0.000203	
ronic	0.015648	0.626327	0.810094	0.652857	0.522269	0.675065	0.747716	0.750690	0.794928	0.440780	0.454736	0.503739	0.491751	0.262015	0.168608	0.009423	
salad	0.027951	0.364449	0.438474	0.551478	0.432088	0.656635	0.845221	0.707318	0.586810	0.825762	0.424937	0.488528	0.425635	0.373323	0.391483	0.472525	
sanis	0.022214	0.396225	0.667803	0.510734	0.587658	0.647811	0.682288	0.495432	0.207748	0.681395	0.687722	0.737755	0.422945	0.425969	0.312923	0.695116	
satin	0.080604	0.008820	0.370716	0.361775	0.560518	0.677874	0.884963	0.702582	0.392639	0.772802	0.476272	0.509690	0.270885	0.306474	0.561445	0.811524	
savin	0.010151	0.375388	0.548518	0.418596	0.449874	0.787693	0.942652	0.801453	0.472051	0.818106	0.501935	0.517003	0.321921	0.353171	0.365626	0.730045	
serum	0.000000	0.485681	0.743471	0.656076	0.796671	0.704491	0.491106	0.175035	0.294692	0.450423	0.710371	0.580127	0.495826	0.328501	0.905501	0.940659	
seven	0.108577	0.274145	0.475187	0.546485	0.592582	0.892277	0.894193	0.210332	0.228716	0.827074	0.405441	0.520600	0.437500	0.295842	0.520873	0.926411	
siren	0.002615	0.431404	0.485097	0.500255	0.515306	0.651829	0.788029	0.884074	0.614659	0.608646	0.666329	0.482632	0.509489	0.387586	0.446374	0.948302	
solid	0.010002	0.486086	0.364548	0.750469	0.466832	0.719475	0.832595	0.714725	0.571307	0.187717	0.182267	0.243419	0.427579	0.191454	0.318897	0.681887	
solip	0.209301	0.363862	0.588966	0.558026	0.494910	0.778769	0.869978	0.697285	0.647151	0.254326	0.265160	0.366930	0.375119	0.294074	0.324535	0.622742	
sonar	0.115492	0.848110	0.760424	0.766322	0.685790	0.759481	0.448609	0.602568	0.623667	0.394702	0.193109	0.338889	0.428688	0.450250	1.000000	0.933441	
sonic	0.075382	0.435982	0.668050	0.492266	0.480736	0.764576	0.841883	0.674506	0.789195	0.437043	0.370388	0.422438	0.481536	0.211793	0.328995	1.000000	
tacin	0.584541	0.322805	0.560137	0.000000	0.248659	0.482212	0.789445	0.869495	0.436121	0.800180	0.671267	0.599808	0.374444	0.514198	0.401720	0.649514	
tacit	0.429364	0.425250	0.355037	0.118066	0.095930	0.466715	0.702804	0.833903	0.571816	0.862345	0.676131	0.532664	0.777498	0.537837	0.484572	0.375460	
tamic	0.117835	0.771642	0.683700	0.725458	0.590967	0.652255	0.593390	0.396138	0.126266	0.386349	0.906577	0.924400	0.554678	0.665005	0.696569	0.338955	
tanic	0.363261	0.736874	0.700097	0.754424	0.589299	0.594503	0.532776	0.453509	0.090491	0.308619	1.000000	1.000000	0.696010	0.687687	0.507787	0.384913	
tavin	0.185886	0.778427	0.849275	0.892784	0.763469	0.432009	0.130856	0.016762	0.004117	0.096824	0.511642	0.781825	0.526247	0.550286	0.552662	0.177073	
telen	0.460448	0.908359	0.715171	0.722736	0.385655	0.816328	0.857146	0.553138	0.431410	0.627710	0.391254	0.585620	0.562430	0.494667	0.559061	0.314276	
tened	0.699308	0.842566	0.696822	0.635220	0.424397	0.465989	0.741731	0.509603	0.195127	0.694002	0.741077	0.919165	0.696554	0.582648	0.401029	0.075323	
tenet	0.220347	0.727817	0.664301	0.569622	0.641628	0.473389	0.602659	0.493748	0.296594	0.752881	0.763551	0.835116	0.725501	0.642378	0.700929	0.140668	
terib	0.332124	0.687766	0.486260	0.705846	0.439251	0.799434	0.693296	0.256154	0.110213	0.679254	0.857282	0.759460	0.590833	0.596113	0.944257	0.409231	
tidal	0.575548	0.654071	0.583439	0.697786	0.413391	0.709245	0.815234	0.883424	0.629918	0.592140	0.565123	0.493541	0.632240	0.284940	0.256265	0.067545	
tokez	0.590242	0.567434	0.797337	0.824892	0.898221	0.419737	0.284697	0.322685	0.199663	0.512630	0.475024	0.383008	0.701050	0.613545	0.575502	0.390828	
tonic	0.406473	0.733878	0.568384	0.620095	0.435601	0.553113	0.665570	0.957285	0.862607	0.443868	0.488285	0.698084	0.653640	0.458729	0.668886	0.360454	
topaz	0.589250	0.957317	0.627993	0.867372	0.951764	0.283238	0.657887	0.615555	0.183043	0.410575	0.308948	0.392991	0.302726	0.505996	0.210415	0.336503	
topic	0.288726	0.708190	0.429737	0.264010	0.143663	0.451545	0.811161	0.823065	0.866964	0.296240	0.455139	0.397825	0.351713	0.308623	0.199085	0.018145	
torel	0.361117	0.478259	0.516480	0.742308	0.852339	0.893079	0.470293	0.556402	0.335547	0.199199	0.225338	0.209316	0.422839	0.906766	0.124270	0.097509	
toric	0.187393	0.561862	0.503075	0.614922	0.568033	0.891732	0.674977	0.640997	0.438648	0.635674	0.529965	0.224787	0.711497	0.520250	0.256481	0.174859	
totem	0.055385	0.656939	0.709493	0.745525	0.734528	0.943040	0.454512	0.511493	0.299616	0.342013	0.369365	0.343801	0.628629	0.861135	0.229172	0.061375	
tulip	0.260697	0.629092	0.398172	0.910152	1.000000	0.565448	0.103265	0.145105	0.099624	0.125266	0.050533	0.173666	0.217394	0.432457	0.091843	0.027873	
vagul	0.019560	0.468546	0.548115	0.865886	0.649716	0.601760	0.209463	0.152309	0.091460	0.130563	0.660192	0.897704	0.463852	0.391009	0.234886	0.046501	
valuk	0.004696	0.456096	0.515001	0.648846	0.286235	0.632818	0.841958	0.700115	0.440328	0.730056	0.492697	0.607727	0.418667	0.489549	0.420335	0.017040	
vanic	0.007552	0.470920	0.576469	0.508041	0.811883	0.478336	0.377579	0.234050	0.090248	0.312506	0.948857	0.824307	0.658358	0.619110	0.406264	0.074381	
venom	0.046303	0.617829	0.684530	0.558434	0.500355	0.831198	0.892497	0.336150	0.281241	0.734808	0.494078	0.724542	0.503365	0.429684	0.489165	0.036926	
verem	0.005417	0.651253	0.000000	0.958106	0.244731	0.784074	0.458719	0.214848	0.149799	0.564595	0.679642	0.540410	0.466800	0.397713	0.316114	0.015921	
vigil	0.094112	0.550738	0.722883	0.746423	0.838854	0.613409	0.180782	0.050526	0.021789	0.155593	0.724874	0.716197	0.662936	0.811941	0.277645	0.320502	
viral	0.041064	0.517861	0.433576	0.767180	0.212997	0.382172	0.737029	0.641878	0.684082	0.562958	0.450955	0.327583	0.496087	0.243031	0.177680	0.006993	
vital	0.085953	0.296482	0.561234	0.429016	0.425324	0.742302	0.918784	0.657424	0.646367	0.585624	0.489733	0.544330	0.564281	0.483652	0.133892	0.006024	
vivit	0.013779	0.625119	0.758695	0.755003	0.868668	0.763100	0.181803	0.039566	0.012931	0.204676	0.470299	0.782636	0.300232	0.628878	0.542217	0.305974	
vocal	0.022287	0.438069	0.657314	0.551097	0.704162	1.000000	0.414460	0.382883	0.502692	0.024009	0.036364	0.202216	0.341841	0.299787	0.096936	0.023667	
woman	0.015204	0.635313	0.829856	0.720548	0.726131	0.949059	0.554169	0.569318	0.097049	0.030320	0.083725	0.302129	0.342894	0.116382	0.009241	0.003182	
zarin	0.007677	0.682784	0.542274	0.831403	0.468120	0.633797	0.596741	0.215538	0.061232	0.588597	0.860809	0.709489	0.353078	0.662483	0.265473	0.409492	
