bacon	0.116433	0.232833	0.550046	0.787214	0.626759	0.681348	0.192226	0.084269	0.036010	0.124667	0.613674	0.572090	0.206810	0.036169	0.011018	0.001257	
bagel	0.141570	0.163671	0.558933	0.763258	0.641817	0.572411	0.204355	0.023741	0.010081	0.065154	0.542186	0.674409	0.269506	0.064532	0.015398	0.001626	
banel	0.231049	0.295110	0.592000	0.375322	0.495993	0.977794	0.570047	0.342589	0.104997	0.413873	0.669315	0.636610	0.184735	0.060497	0.105192	0.002710	
banic	0.119380	0.259404	0.580366	0.340874	0.541610	1.000000	0.691394	0.231645	0.091286	0.330940	0.704546	0.562270	0.112295	0.062643	0.083126	0.000766	
baron	0.137988	0.292042	0.375216	0.524859	0.297033	0.634558	0.819746	0.370567	0.160398	0.494901	0.548985	0.385237	0.148202	0.040506	0.064485	0.001511	
basin	0.322195	0.530539	0.701204	0.626962	0.781993	0.523794	0.121117	0.052891	0.018131	0.102146	0.487498	0.462455	0.140294	0.016761	0.006276	0.002573	
belet	0.139430	0.267680	0.326702	0.653884	0.208788	0.601535	0.771506	0.526002	0.316952	0.786194	0.293493	0.435292	0.120297	0.046675	0.082003	0.002735	
berin	0.109389	0.207283	0.460477	0.568112	0.357527	0.820977	0.753453	0.230874	0.094279	0.392318	0.559778	0.364733	0.096764	0.030025	0.061038	0.001682	
beris	0.052979	0.070110	0.381898	0.370021	0.552348	0.928343	0.735768	0.137407	0.070647	0.415559	0.627992	0.461314	0.217510	0.059165	0.014855	0.002820	
bison	0.195159	0.196775	0.517627	0.395861	0.357699	0.706297	0.866478	0.601989	0.525729	0.591194	0.351669	0.399251	0.181644	0.028097	0.102823	0.000353	
bonus	0.128961	0.090190	0.554348	0.424290	0.588048	0.939104	0.802763	0.534239	0.771684	0.076125	0.028774	0.169070	0.175068	0.020521	0.005287	0.000052	
boreb	0.129306	0.271334	0.405864	0.673434	0.469947	0.825748	0.542369	0.518530	0.033161	0.002538	0.004730	0.082534	0.073331	0.012141	0.000253	0.000009	
boril	0.067673	0.090734	0.576523	0.453193	0.611434	0.957055	0.736427	0.570352	0.037111	0.002742	0.003962	0.108646	0.035689	0.011236	0.000521	0.000089	
cabin	0.604004	0.226033	0.137705	0.320364	0.067544	0.147670	0.268022	0.440771	0.120501	0.454997	0.870036	0.903313	0.913231	0.433279	0.224531	0.062339	
camel	0.801365	0.765801	0.244210	0.533662	0.234487	0.175670	0.303171	0.599259	0.141732	0.366107	0.729608	0.916645	0.688318	0.209702	0.230791	0.037011	
caris	0.139418	0.497965	0.543793	0.503300	0.270388	0.370823	0.401905	0.250217	0.069312	0.230635	0.887404	0.881583	0.565974	0.326569	0.184765	0.071470	
casef	0.423850	0.310330	0.321482	0.337960	0.215364	0.279054	0.467501	0.753122	0.283164	0.516794	0.894054	0.899569	0.713264	0.204025	0.102543	0.047881	
cazel	0.639054	0.595911	0.072418	0.574172	0.047112	0.098281	0.220219	0.550090	0.183661	0.462730	1.000000	0.878243	0.652843	0.236881	0.057735	0.021737	
civic	0.005306	0.007420	0.003934	0.124226	0.070337	0.109631	0.058311	0.020498	0.005515	0.026606	0.068601	0.064258	0.082432	0.053978	0.419861	0.859972	
civil	0.002516	0.011144	0.000155	0.003360	0.000165	0.000136	0.000209	0.000825	0.000557	0.015299	0.030114	0.043456	0.121238	0.095526	0.451561	0.977550	
cobin	0.959813	0.425976	0.014573	0.257511	0.105807	0.478813	0.192641	0.620019	0.440768	0.941868	0.782013	0.721322	0.759900	0.197654	0.149674	0.030656	
colon	0.697658	0.692978	0.302824	0.689413	0.333136	0.691495	0.604027	0.898988	0.947271	0.532861	0.388864	0.400836	0.559709	0.278525	0.057940	0.024978	
comet	0.793632	0.694948	0.180236	0.392677	0.325844	0.523493	0.250430	0.629731	0.652352	0.964503	0.771468	0.524899	0.665395	0.261453	0.255597	0.039974	
comic	0.665348	0.610580	0.146630	0.461822	0.194737	0.296380	0.473537	0.808691	0.819533	0.858001	0.638274	0.452646	0.697727	0.105610	0.247984	0.049924	
coral	0.062355	0.641015	0.219350	0.537617	0.326074	0.424742	0.502579	0.636594	0.884180	0.260435	0.212085	0.177440	0.338353	0.096095	0.029763	0.003861	
davel	0.096572	0.120468	0.626673	0.605248	0.861620	0.538994	0.068443	0.038399	0.010959	0.042668	0.556917	0.589069	0.219159	0.054443	0.027178	0.013723	
delin	0.012132	0.142171	0.381979	0.564881	0.368896	0.739382	0.733525	0.439413	0.128272	0.591283	0.374712	0.307091	0.143085	0.087894	0.262445	0.046164	
demon	0.025434	0.050873	0.650734	0.733908	0.760942	0.080477	0.020077	0.011007	0.047285	0.003551	0.125430	0.790123	0.278275	0.066215	0.241139	0.033954	
denim	0.096161	0.081987	0.590028	0.296451	0.721631	0.932477	0.671565	0.492557	0.242079	0.685224	0.502540	0.474449	0.198018	0.041787	0.093602	0.000857	
devim	0.000786	0.056320	0.399686	0.377355	0.477511	0.722385	0.937712	0.406139	0.234598	0.723955	0.428175	0.332214	0.102101	0.045919	0.187097	0.118643	
facet	0.013489	0.019800	0.126991	0.443633	0.297070	0.612234	0.597133	0.494856	0.469099	0.677337	0.412651	0.312886	0.331042	0.085478	0.105003	0.101406	
fatal	0.016385	0.059974	0.036819	0.218349	0.112366	0.039364	0.134711	0.178067	0.150729	0.677528	0.791073	0.837163	0.800264	0.563056	0.616549	0.607303	
fenid	0.049874	0.214296	0.008310	0.148430	0.096508	0.137273	0.087017	0.099014	0.156548	0.610113	0.866639	0.893573	0.854529	0.588345	0.543716	0.425971	
feral	0.118729	0.219604	0.025205	0.150636	0.064903	0.107412	0.134421	0.368118	0.202388	0.745534	0.707169	0.709071	0.813398	0.547543	0.768659	0.594743	
fetal	0.018879	0.210634	0.001572	0.156187	0.185682	0.218545	0.198779	0.111649	0.037029	0.590745	0.749014	0.865473	0.688768	0.674429	0.588879	0.564869	
focal	0.017335	0.013396	0.000995	0.020762	0.111077	0.067014	0.261994	0.556698	0.552801	0.854565	0.850257	0.719483	0.821106	0.536314	0.601026	0.552329	
folip	0.002594	0.040737	0.056270	0.339603	0.159469	0.374451	0.618831	0.624846	0.479980	0.252128	0.207833	0.259647	0.284285	0.108954	0.087741	0.050690	
forum	0.024452	0.101518	0.005590	0.027427	0.015893	0.211477	0.330222	0.528318	0.570620	0.879517	0.796650	0.721107	0.925749	0.508231	0.598011	0.518304	
galed	0.000563	0.122192	0.411177	0.576299	0.489070	0.499357	0.723191	0.619530	0.266544	0.751179	0.704905	0.381298	0.179233	0.040074	0.049327	0.002435	
galef	0.011146	0.101300	0.381869	0.525240	0.265507	0.576634	0.708891	0.705566	0.508915	0.803987	0.618297	0.352498	0.150934	0.054264	0.162119	0.001371	
galel	0.034696	0.047959	0.295933	0.457272	0.447242	0.744379	0.738992	0.398667	0.120806	0.540875	0.795492	0.593625	0.381921	0.030778	0.096728	0.007931	
galem	0.025418	0.260725	0.489950	0.646300	0.387074	0.491051	0.648103	0.622095	0.254001	0.700250	0.641510	0.359339	0.345598	0.149018	0.051138	0.005464	
gapel	0.006869	0.075733	0.373716	0.432960	0.370141	0.513780	0.793089	0.830405	0.484974	0.904569	0.639755	0.336628	0.240491	0.041590	0.129336	0.012049	
givel	0.002518	0.148108	0.676941	0.622084	0.887094	0.649244	0.046032	0.032305	0.020723	0.256405	0.534585	0.402263	0.173048	0.016828	0.016793	0.000652	
gorel	0.001662	0.093707	0.411523	0.630408	0.562892	0.834221	0.364240	0.653388	0.065747	0.004584	0.010970	0.037439	0.038995	0.023089	0.000708	0.000607	
halet	0.007565	0.019091	0.063025	0.166628	0.014436	0.037221	0.176821	0.628964	0.277864	0.882985	0.906684	0.821823	0.447161	0.171744	0.069172	0.025176	
havel	0.000164	0.118341	0.724372	0.552484	0.822369	0.571543	0.138272	0.062839	0.003778	0.033683	0.552738	0.583543	0.150913	0.027349	0.009883	0.000946	
haven	0.004886	0.130004	0.790737	0.563292	0.835830	0.368564	0.051285	0.027590	0.000984	0.003464	0.235379	0.623385	0.081588	0.051464	0.008791	0.000312	
havoc	0.000716	0.013498	0.186231	0.466551	0.090122	0.042101	0.323370	0.790647	0.431701	0.683097	0.808561	0.801651	0.402715	0.111686	0.028830	0.001116	
hazel	0.005880	0.086303	0.737954	0.531432	0.870086	0.204071	0.086315	0.023167	0.003761	0.014805	0.380265	0.577427	0.080379	0.040146	0.006144	0.000903	
helic	0.002015	0.033068	0.451125	0.284140	0.446312	0.593875	1.000000	0.636964	0.355000	0.756492	0.385746	0.589740	0.125409	0.038085	0.089847	0.000627	
herib	0.000863	0.052312	0.491125	0.416761	0.483932	0.711385	0.900210	0.320450	0.094459	0.337528	0.779078	0.563011	0.148469	0.045656	0.125167	0.000682	
humor	0.003234	0.091036	0.705266	0.741339	0.614288	0.072110	0.010014	0.008575	0.010568	0.002230	0.171009	0.393266	0.271012	0.065429	0.130731	0.001776	
janem	0.000819	0.032922	0.477312	0.357017	0.813668	0.947157	0.333183	0.201779	0.043946	0.263444	0.668611	0.475190	0.441954	0.290471	0.193270	0.095156	
janep	0.001368	0.027216	0.444927	0.360009	0.770858	0.896340	0.751771	0.261928	0.067667	0.396124	0.708803	0.403979	0.332883	0.426501	0.108476	0.071265	
japel	0.005573	0.023745	0.276316	0.324756	0.776037	0.795136	0.780868	0.386047	0.186597	0.652754	0.573624	0.567134	0.367437	0.298756	0.156050	0.060133	
jokeb	0.000325	0.043349	0.580247	0.440919	0.923282	0.784959	0.230737	0.244638	0.203044	0.506776	0.407060	0.239682	0.553445	0.210213	0.203032	0.110589	
jokel	0.000859	0.074404	0.494329	0.445478	0.739853	0.910772	0.217628	0.093086	0.216301	0.366851	0.277203	0.216794	0.701135	0.269052	0.148735	0.130763	
jural	0.000032	0.059159	0.345389	0.796224	0.701041	0.211971	0.063129	0.009282	0.014351	0.276107	0.291734	0.185829	0.683139	0.548385	0.240136	0.140597	
kelic	0.497664	0.548200	0.198252	0.597081	0.108136	0.169599	0.301800	0.552995	0.139772	0.383141	0.916926	0.932480	0.574758	0.158783	0.209870	0.046513	
kevil	1.000000	0.947125	0.361384	0.462072	0.046945	0.106888	0.163443	0.448777	0.091611	0.413905	0.778738	0.855798	0.852565	0.281095	0.085317	0.085055	
labin	0.003286	0.234945	0.655375	0.647441	0.561157	0.810976	0.295370	0.353952	0.451691	0.226250	0.014308	0.150061	0.240914	0.036039	0.035869	0.002755	
lakeb	0.001894	0.143325	0.699336	0.553653	0.875519	0.687759	0.155052	0.132629	0.093429	0.346131	0.153220	0.191753	0.077300	0.005181	0.004941	0.000384	
laken	0.006294	0.142436	0.742292	0.502856	0.986850	0.535752	0.098960	0.262290	0.206361	0.429995	0.048208	0.158661	0.062287	0.003596	0.011922	0.001419	
lamin	0.004854	0.276112	0.637519	0.865107	0.572970	0.586392	0.409122	0.218556	0.197343	0.235764	0.015505	0.190192	0.057925	0.023660	0.002365	0.000083	
latin	0.016387	0.306108	0.603324	0.864569	0.494483	0.750371	0.678931	0.657112	0.449670	0.244011	0.027389	0.168205	0.053869	0.022968	0.009846	0.000074	
legal	0.025335	0.342550	0.896659	0.551001	0.743719	0.147102	0.010124	0.110219	0.098537	0.034427	0.015666	0.097588	0.005534	0.000165	0.001594	0.000157	
level	0.002301	0.176133	0.639965	0.713380	0.736410	0.551557	0.056671	0.149506	0.228960	0.001603	0.001312	0.017309	0.010218	0.003153	0.000337	0.000074	
levim	0.011482	0.271568	0.551573	0.940771	0.587823	0.344352	0.044286	0.078503	0.268622	0.009609	0.000607	0.043021	0.031513	0.016567	0.000941	0.000076	
libel	0.001894	0.199256	0.609058	0.675777	0.462840	0.716040	0.697632	0.706669	0.664769	0.199911	0.023513	0.123377	0.105791	0.024749	0.027245	0.000443	
likel	0.005891	0.197713	0.769356	0.477102	0.835437	0.612271	0.583229	0.385722	0.633277	0.078276	0.009138	0.073661	0.055921	0.007761	0.007162	0.000038	
limid	0.006861	0.357094	0.815306	0.762000	0.555729	0.340429	0.040914	0.025446	0.122254	0.025667	0.000764	0.009339	0.021876	0.008153	0.000316	0.000533	
linen	0.000230	0.266016	0.801357	0.620971	0.676058	0.723123	0.134161	0.138822	0.372430	0.061079	0.005013	0.094544	0.026067	0.015551	0.000160	0.000074	
lipit	0.002460	0.197553	0.645528	0.658306	0.656900	0.839872	0.232649	0.199110	0.264224	0.336403	0.034842	0.207744	0.089862	0.024799	0.010015	0.000998	
logic	0.000152	0.215999	0.504218	1.000000	0.738370	0.242278	0.034466	0.189202	0.062144	0.000000	0.000000	0.006036	0.010901	0.021891	0.000904	0.000000	
lomic	0.003648	0.254700	0.623786	0.878188	0.622454	0.358070	0.070260	0.170997	0.090644	0.001253	0.000297	0.010050	0.012772	0.015311	0.002608	0.000257	
lorib	0.006199	0.350750	0.681832	0.868529	0.666032	0.557883	0.180516	0.305921	0.037555	0.001805	0.002358	0.084373	0.020033	0.020035	0.000137	0.000014	
madam	0.025540	0.381683	0.862925	0.686474	0.528318	0.276752	0.509881	0.340280	0.190435	0.630612	0.185265	0.276544	0.116229	0.019177	0.017582	0.000675	
mafil	0.004647	0.216746	0.830198	0.509387	0.721489	0.555910	0.342330	0.103755	0.008015	0.213882	0.762032	0.603953	0.146727	0.056789	0.011664	0.000397	
magic	0.004743	0.123073	0.664689	0.323993	0.535209	0.584733	0.743501	0.939002	0.560139	1.000000	0.478774	0.506696	0.250136	0.043395	0.068436	0.000335	
majil	0.015121	0.334700	0.951704	0.512574	0.500875	0.287227	0.056337	0.004513	0.005288	0.043523	0.032437	0.032571	0.018685	0.004945	0.002074	0.000050	
maled	0.019641	0.442124	0.653571	0.823541	0.419272	0.263669	0.549730	0.374381	0.147101	0.706959	0.326370	0.482672	0.134439	0.085219	0.061373	0.027616	
malim	0.018720	0.398251	0.640402	0.684406	0.432502	0.313311	0.570971	0.758464	0.357441	0.891775	0.414046	0.590829	0.157617	0.075439	0.141477	0.005654	
manic	0.000344	0.251030	0.906592	0.464783	0.743160	0.360498	0.207321	0.061405	0.032605	0.463707	0.183778	0.207491	0.162075	0.009304	0.027178	0.000272	
maron	0.018549	0.356550	0.905013	0.704563	0.678518	0.323082	0.143741	0.029110	0.036008	0.443362	0.187008	0.405857	0.180248	0.051162	0.002599	0.000526	
mason	0.008804	0.209616	0.863807	0.605075	0.698779	0.606443	0.143308	0.027662	0.004840	0.087873	0.443060	0.436165	0.161570	0.014273	0.012488	0.001527	
melon	0.001335	0.384661	0.979293	0.483839	0.434811	0.160337	0.015662	0.000900	0.007424	0.033967	0.018676	0.017578	0.033023	0.001040	0.000591	0.000012	
menon	0.024399	0.404277	0.996163	0.590264	0.542588	0.171822	0.109759	0.023566	0.007353	0.187091	0.103397	0.072417	0.020487	0.004085	0.000272	0.000224	
merit	0.024020	0.360837	0.924058	0.533355	0.567305	0.287289	0.067152	0.022875	0.055756	0.169495	0.086622	0.047821	0.037838	0.002305	0.005168	0.000369	
metal	0.008957	0.254798	0.900551	0.523417	0.688617	0.259717	0.022935	0.009231	0.020195	0.187621	0.066115	0.058895	0.185106	0.005941	0.102169	0.000346	
mimic	0.013844	0.267978	0.851922	0.503619	0.758535	0.754146	0.172122	0.116456	0.012116	0.135402	0.646816	0.345903	0.117149	0.053595	0.003976	0.001767	
minel	0.020459	0.354743	0.877333	0.434277	0.481761	0.269865	0.465618	0.758034	0.877216	0.324851	0.014683	0.198997	0.163316	0.005993	0.031557	0.000113	
minus	0.003049	0.203348	0.842876	0.477976	0.587504	0.489557	0.741628	0.933944	0.883348	0.223183	0.050762	0.297029	0.150886	0.030298	0.004755	0.000351	
modem	0.002055	0.251702	0.965809	0.531135	0.606315	0.168343	0.016918	0.034980	0.301862	0.021407	0.026325	0.012080	0.072420	0.003439	0.000467	0.000133	
mogul	0.013901	0.319564	0.970989	0.583618	0.604054	0.450330	0.048048	0.182135	0.249288	0.021849	0.022813	0.019834	0.043393	0.001834	0.000075	0.000200	
molec	0.009165	0.380581	0.827771	0.583919	0.443959	0.226657	0.589851	0.793434	0.636269	0.199976	0.034013	0.287301	0.188340	0.053232	0.045076	0.000571	
monit	0.010363	0.294943	0.733837	0.551024	0.522485	0.227639	0.635032	0.900059	0.822864	0.203032	0.020690	0.253359	0.194551	0.012479	0.011159	0.000031	
moral	0.002655	0.312553	0.933846	0.480153	0.497015	0.585852	0.789576	0.593720	0.129194	0.017609	0.002255	0.112652	0.074251	0.003827	0.000000	0.000002	
nasal	0.018521	0.520050	0.798816	0.781627	0.391654	0.266695	0.086350	0.027045	0.010099	0.043267	0.140083	0.212696	0.035745	0.020891	0.006550	0.000200	
natal	0.014188	0.291605	0.917284	0.501726	0.734413	0.462764	0.069079	0.033305	0.004427	0.080562	0.469657	0.388824	0.086931	0.055070	0.002418	0.000161	
naval	0.037931	0.392846	1.000000	0.507155	0.459032	0.225221	0.043800	0.014186	0.010498	0.019937	0.112411	0.088397	0.014303	0.010074	0.002043	0.000245	
navin	0.003898	0.252101	0.900679	0.551757	0.650237	0.347274	0.519020	0.292959	0.085196	0.412054	0.412794	0.403117	0.228031	0.074380	0.028823	0.000309	
nomel	0.010258	0.464712	0.756945	0.747817	0.395313	0.265701	0.480209	0.554315	0.348096	0.610126	0.105253	0.351486	0.158048	0.015332	0.030689	0.000679	
norel	0.004871	0.319686	0.951494	0.536118	0.645002	0.502838	0.102011	0.057940	0.106371	0.308463	0.064123	0.134484	0.033986	0.002418	0.000372	0.000521	
nosen	0.016404	0.285590	0.885106	0.511851	0.645804	0.805833	0.312786	0.148398	0.024598	0.529870	0.354605	0.495374	0.115798	0.050609	0.001283	0.000361	
novel	0.026577	0.312993	0.839934	0.435454	0.684447	0.570641	0.552960	0.714252	0.566666	0.783966	0.116731	0.366708	0.281742	0.035509	0.033823	0.000128	
novin	0.012890	0.296395	0.792322	0.491109	0.498192	0.397609	0.673314	0.644882	0.481567	0.752426	0.269759	0.527001	0.353312	0.074574	0.026028	0.000692	
palil	0.401947	0.458795	0.068303	0.258960	0.018497	0.111921	0.371711	0.745438	0.312976	0.709101	0.800646	0.766542	0.602732	0.122230	0.136976	0.007811	
panel	0.320246	0.454531	0.368556	0.334640	0.356397	0.507695	0.642407	0.501017	0.224463	0.698966	0.711504	0.738865	0.529026	0.132272	0.114070	0.002635	
panic	0.658821	0.831093	0.175107	0.333190	0.093341	0.136787	0.285183	0.450037	0.097602	0.440360	0.895819	0.908255	0.745426	0.284115	0.226526	0.005156	
pedal	0.172749	0.234244	0.113991	0.780847	0.087072	0.162725	0.755308	0.886868	0.332150	0.795848	0.620948	0.697383	0.530342	0.173907	0.147153	0.015877	
pelen	0.144036	0.353906	0.272263	0.359258	0.440677	0.570208	0.916603	0.508636	0.371571	0.840688	0.554615	0.611154	0.296632	0.086335	0.084027	0.003201	
penal	0.398871	0.689950	0.450248	0.930715	0.418385	0.165062	0.066805	0.060236	0.075965	0.172797	0.547861	0.690529	0.442755	0.110106	0.086733	0.012190	
peril	0.635565	0.606227	0.453906	0.501071	0.222172	0.145764	0.362161	0.322156	0.118476	0.537993	0.919364	0.782387	0.617971	0.238919	0.147935	0.001759	
petal	0.076256	0.065845	0.237491	0.412718	0.477074	0.523706	0.615400	0.606467	0.339614	0.886383	0.450102	0.504753	0.298302	0.065218	0.091410	0.000841	
pilot	0.371753	0.378355	0.062831	0.241080	0.045279	0.182448	0.358231	0.757667	0.641306	0.580607	0.651596	0.755852	0.766641	0.090530	0.214925	0.006057	
polec	0.261705	0.296439	0.221243	0.350893	0.339841	0.465682	0.616723	0.904529	0.718210	0.204475	0.291974	0.264201	0.426779	0.017368	0.070003	0.001264	
rabid	0.000233	0.086355	0.505051	0.375623	0.360980	0.653118	0.755212	0.682932	0.569139	0.978731	0.544078	0.211656	0.060085	0.096614	0.007696	0.000039	
ranis	0.001193	0.164667	0.495786	0.669641	0.395945	0.671108	0.585653	0.403043	0.662119	0.854642	0.509068	0.219678	0.019033	0.000387	0.001983	0.000019	
rapid	0.010346	0.331856	0.488356	0.855150	0.330012	0.622920	0.198306	0.367201	0.696361	0.623487	0.096475	0.022323	0.000000	0.000000	0.000535	0.000011	
relic	0.000205	0.088770	0.523736	0.508776	0.565070	0.870139	0.392380	0.251189	0.705216	0.752611	0.273571	0.064905	0.002630	0.000573	0.001979	0.000142	
revit	0.002274	0.093269	0.496826	0.401471	0.377785	0.695681	0.859564	0.350947	0.329312	0.886371	0.560493	0.251493	0.118724	0.015498	0.015707	0.000068	
rigid	0.000209	0.034187	0.573985	0.414989	1.000000	0.575932	0.117621	0.284192	0.317775	0.679538	0.534613	0.278321	0.182326	0.021234	0.000273	0.000409	
rival	0.003297	0.146601	0.637265	0.427621	0.494061	0.915439	0.632254	0.506105	0.711550	0.566863	0.415838	0.077896	0.007125	0.019715	0.004658	0.000025	
robin	0.000305	0.257285	0.482712	0.761519	0.321301	0.543315	0.560745	0.627460	0.822034	0.640836	0.218091	0.029114	0.004445	0.029934	0.002835	0.000012	
roman	0.003077	0.098982	0.721586	0.409389	0.758684	0.860338	0.471630	0.325490	0.739226	0.558381	0.314056	0.014623	0.034716	0.004644	0.000493	0.000031	
ronic	0.004346	0.152777	0.744280	0.359454	0.614918	0.774813	0.791145	0.878263	0.864880	0.406872	0.240679	0.148103	0.061881	0.010375	0.004501	0.000015	
salad	0.011771	0.004151	0.000149	0.002281	0.001984	0.001750	0.000329	0.000285	0.001277	0.035343	0.045813	0.038528	0.094621	0.072811	0.378597	0.852814	
sanis	0.005006	0.010383	0.001597	0.017739	0.003380	0.001665	0.002169	0.002206	0.002589	0.017092	0.017446	0.023557	0.071745	0.038854	0.424719	0.936368	
satin	0.005328	0.000000	0.000078	0.001263	0.000159	0.000104	0.000085	0.000000	0.000308	0.002483	0.015462	0.015224	0.044149	0.157347	0.709425	0.925982	
savin	0.000529	0.010514	0.000256	0.002714	0.000181	0.000117	0.000201	0.000122	0.000459	0.000904	0.007656	0.018212	0.039066	0.075636	0.497966	0.952256	
serum	0.000000	0.002645	0.000078	0.000069	0.000000	0.000000	0.000000	0.000014	0.000000	0.000801	0.003225	0.000000	0.006290	0.018604	0.793173	0.608350	
seven	0.095514	0.023312	0.000326	0.006380	0.000148	0.000205	0.000156	0.000669	0.001026	0.005855	0.032646	0.021578	0.088648	0.130363	0.614674	0.918975	
siren	0.001722	0.000924	0.000000	0.000000	0.000126	0.000080	0.000362	0.000082	0.000146	0.008957	0.021707	0.023756	0.042939	0.100283	0.562071	0.919683	
solid	0.014121	0.041861	0.000083	0.004585	0.000249	0.000301	0.000143	0.000329	0.001349	0.000857	0.009657	0.012424	0.053287	0.052735	0.653299	1.000000	
solip	0.116703	0.028642	0.000346	0.004865	0.001189	0.000614	0.001497	0.002416	0.002032	0.007471	0.047204	0.072505	0.153250	0.228644	0.391812	0.824152	
sonar	0.032602	0.005915	0.001428	0.071088	0.036490	0.035159	0.011134	0.003927	0.003703	0.046016	0.021571	0.036818	0.056448	0.217322	1.000000	0.852724	
sonic	0.060876	0.024065	0.017585	0.267058	0.099656	0.168443	0.058655	0.090312	0.050789	0.086936	0.059978	0.109419	0.073335	0.037889	0.313455	0.982169	
tacin	0.580456	0.283179	0.395086	0.258441	0.278130	0.365518	0.715734	0.954763	0.519163	0.726929	0.594656	0.701792	0.258675	0.231639	0.310388	0.198949	
tacit	0.626153	0.601286	0.021416	0.315666	0.111105	0.239500	0.180839	0.486037	0.205382	0.595098	0.849619	0.895088	0.802635	0.378442	0.610743	0.185733	
tamic	0.123121	0.683427	0.462273	0.574458	0.314845	0.257314	0.381822	0.308219	0.030316	0.184567	0.751468	0.810382	0.318419	0.285608	0.625648	0.247407	
tanic	0.444054	0.573346	0.195524	0.489648	0.168711	0.243427	0.256777	0.261490	0.046960	0.253694	0.845508	0.908873	0.519839	0.419503	0.501102	0.348501	
tavin	0.196398	0.618389	0.688367	0.529747	0.618927	0.316889	0.250057	0.103620	0.042188	0.093539	0.641502	0.763792	0.420322	0.284636	0.512888	0.116382	
telen	0.658011	1.000000	0.124130	0.355590	0.070262	0.220041	0.384822	0.375234	0.136583	0.491578	0.751462	0.931128	0.601277	0.395898	0.633479	0.350218	
tened	0.693710	0.720290	0.252261	0.493993	0.123767	0.213181	0.435281	0.572015	0.101834	0.493695	0.776243	0.915891	0.478138	0.235297	0.224361	0.035240	
tenet	0.376617	0.325316	0.073706	0.240859	0.188419	0.280722	0.431529	0.504383	0.126521	0.462369	0.989352	1.000000	0.643494	0.255466	0.260956	0.046015	
terib	0.324160	0.471377	0.247469	0.599608	0.181783	0.188301	0.335617	0.323589	0.104263	0.217195	0.753863	0.913277	0.518914	0.328000	0.851500	0.270207	
tidal	0.630201	0.313737	0.368525	0.371014	0.291907	0.357002	0.548791	0.986272	0.705833	0.729340	0.628825	0.594877	0.543098	0.109174	0.160781	0.043195	
tokez	0.461369	0.290274	0.646080	0.578059	0.587239	0.418069	0.390800	0.399552	0.378255	0.819088	0.532532	0.410301	0.557880	0.257300	0.124888	0.050343	
tonic	0.594210	0.533266	0.069012	0.416768	0.162519	0.272038	0.279451	0.653626	0.356029	0.759721	0.738264	0.890679	0.675929	0.346886	0.775963	0.393735	
topaz	0.004332	0.063816	0.594021	0.591215	0.926687	0.264985	0.302308	0.714669	0.232365	0.125290	0.118539	0.153391	0.137346	0.160013	0.017800	0.004908	
topic	0.051716	0.048419	0.367563	0.209351	0.247025	0.433179	0.844851	1.000000	1.000000	0.400995	0.399857	0.231223	0.140522	0.031819	0.031332	0.002366	
torel	0.697164	0.365566	0.026323	0.198988	0.065758	0.327277	0.518818	0.476663	0.450986	0.556200	0.706319	0.655388	0.746611	1.000000	0.263645	0.194728	
toric	0.413823	0.314863	0.108615	0.236095	0.070726	0.270692	0.396748	0.580964	0.533733	0.826276	0.894697	0.638774	1.000000	0.536960	0.433401	0.265559	
totem	0.057655	0.484737	0.469676	0.605517	0.426658	0.239032	0.479187	0.463015	0.480948	0.795391	0.647271	0.538033	0.583806	0.627846	0.201632	0.037343	
tulip	0.338489	0.358956	0.180894	0.937452	0.472365	0.463765	0.185113	0.279857	0.140842	0.374050	0.252648	0.230039	0.196391	0.203651	0.071381	0.024864	
vagul	0.020737	0.464703	0.895172	0.353465	0.243387	0.162961	0.027496	0.063208	0.012895	0.184575	0.369115	0.501015	0.275664	0.095787	0.098213	0.052563	
valuk	0.036346	0.689620	0.864401	0.683967	0.239310	0.116887	0.015587	0.016751	0.025169	0.205506	0.168916	0.139990	0.033289	0.018213	0.016994	0.008442	
vanic	0.076103	0.641394	0.981060	0.374145	0.060119	0.015064	0.003579	0.011025	0.011624	0.107759	0.051813	0.084290	0.088372	0.041066	0.083220	0.027216	
venom	0.001441	0.320113	0.522139	0.316328	0.551209	0.877940	0.558281	0.217489	0.180759	0.738017	0.312519	0.458183	0.142251	0.035036	0.079861	0.009718	
verem	0.063350	0.685629	0.883740	0.574002	0.112162	0.095435	0.003790	0.015848	0.003047	0.127651	0.155039	0.447014	0.240178	0.102647	0.060369	0.022553	
vigil	0.001109	0.294815	0.582883	0.542750	0.734083	0.539416	0.233189	0.024212	0.020022	0.238802	0.576226	0.604117	0.228243	0.051603	0.020452	0.002115	
viral	0.005667	0.228871	0.404329	0.623317	0.203303	0.342891	0.764059	0.752135	0.826130	0.359356	0.162877	0.219126	0.160672	0.012306	0.027894	0.002074	
vital	0.003011	0.289685	0.667091	0.326927	0.562126	0.675515	0.334107	0.695555	0.603389	0.164105	0.061427	0.169318	0.140721	0.013594	0.013525	0.006776	
vivit	0.002412	0.288894	0.640685	0.475219	0.796435	0.524440	0.122704	0.027560	0.015747	0.191564	0.283656	0.453446	0.083614	0.086057	0.044412	0.025434	
vocal	0.001178	0.275423	0.571064	0.451804	0.595069	0.886935	0.254779	0.293857	0.772167	0.101974	0.070305	0.122393	0.150280	0.041326	0.030384	0.006045	
woman	0.003219	0.181378	0.725424	0.418818	0.763007	0.884573	0.498177	0.766612	0.053203	0.008637	0.003650	0.099271	0.067034	0.004444	0.000747	0.000217	
zarin	0.046190	0.701987	0.711760	0.304115	0.015108	0.011330	0.009900	0.014665	0.005246	0.035532	0.101862	0.184763	0.188210	0.113879	0.263951	0.663854	
